function gridOK = checkGrid(distanceMatrix)
distance_test = [
         0    0.2000    0.4000    0.5500    0.5852    0.6801    1.1000    1.1180    1.1705
    0.2000         0    0.2000    0.5852    0.5500    0.5852    1.1180    1.1000    1.1180
    0.4000    0.2000         0    0.6801    0.5852    0.5500    1.1705    1.1180    1.1000
    0.5500    0.5852    0.6801         0    0.2000    0.4000    0.5500    0.5852    0.6801
    0.5852    0.5500    0.5852    0.2000         0    0.2000    0.5852    0.5500    0.5852
    0.6801    0.5852    0.5500    0.4000    0.2000         0    0.6801    0.5852    0.5500
    1.1000    1.1180    1.1705    0.5500    0.5852    0.6801         0    0.2000    0.4000
    1.1180    1.1000    1.1180    0.5852    0.5500    0.5852    0.2000         0    0.2000
    1.1705    1.1180    1.1000    0.6801    0.5852    0.5500    0.4000    0.2000         0];
if(size(distance_test)~=size(distanceMatrix))
    checkFlag = NaN*eye(9);
else
    error_matrix = distance_test - distanceMatrix;
    checkFlag = error_matrix(error_matrix > 1e-4);
end;
gridOK = isempty(checkFlag);
    

